Record	Type	Sample Name	Measurement Date and Time	T	Z-Ave	PdI	Pk 1 Mean Int	Pk 2 Mean Int	Pk 3 Mean Int	Pk 1 Area Int	Pk 2 Area Int	Pk 3 Area Int	Size Peak	Size Peak	Size Peak	Intensities	Sizes
 		 	 	Â°C	d.nm	 	d.nm	d.nm	d.nm	Percent	Percent	Percent	d.nm	d.nm	d.nm	Percent	d.nm
1	Size	10 DMPC : 0 DMPG 0.1 mg_ml 1	19 March 2026 10:51:54	50.0	192.1	0.259	91.09	0.000	0.000	100.0	0.0	0.0	13.21	0.000	0.000	0.0 0.0 0.0 0.0 0.0 0.0 0.0 0.0 0.0 0.0 0.0 0.0 0.0 0.0 0.0 0.0 0.0 0.0 0.0 0.0 0.0 0.0 0.0 0.0 0.0 0.0 0.0 0.0 0.0 0.0 0.0 0.0 0.0 0.0 0.0 7.1 27.5 36.7 24.2 4.4 0.0 0.0 0.0 0.0 0.0 0.0 0.0 0.0 0.0 0.0 0.0 0.0 0.0 0.0 0.0 0.0 0.0 0.0 0.0 0.0 0.0 0.0 0.0 0.0 0.0 0.0 0.0 0.0 0.0 0.0	0.4000 0.4632 0.5365 0.6213 0.7195 0.8332 0.9649 1.117 1.294 1.499 1.736 2.010 2.328 2.696 3.122 3.615 4.187 4.849 5.615 6.503 7.531 8.721 10.10 11.70 13.54 15.69 18.17 21.04 24.36 28.21 32.67 37.84 43.82 50.75 58.77 68.06 78.82 91.28 105.7 122.4 141.8 164.2 190.1 220.2 255.0 295.3 342.0 396.1 458.7 531.2 615.1 712.4 825.0 955.4 1106 1281 1484 1718 1990 2305 2669 3091 3580 4145 4801 5560 6439 7456 8635 1.000e4
2	Size	10 DMPC : 0 DMPG 0.1 mg_ml 2	19 March 2026 10:53:56	50.0	289.8	0.474	73.04	0.000	0.000	100.0	0.0	0.0	6.829	0.000	0.000	0.0 0.0 0.0 0.0 0.0 0.0 0.0 0.0 0.0 0.0 0.0 0.0 0.0 0.0 0.0 0.0 0.0 0.0 0.0 0.0 0.0 0.0 0.0 0.0 0.0 0.0 0.0 0.0 0.0 0.0 0.0 0.0 0.0 0.0 5.4 46.8 45.1 2.7 0.0 0.0 0.0 0.0 0.0 0.0 0.0 0.0 0.0 0.0 0.0 0.0 0.0 0.0 0.0 0.0 0.0 0.0 0.0 0.0 0.0 0.0 0.0 0.0 0.0 0.0 0.0 0.0 0.0 0.0 0.0 0.0	0.4000 0.4632 0.5365 0.6213 0.7195 0.8332 0.9649 1.117 1.294 1.499 1.736 2.010 2.328 2.696 3.122 3.615 4.187 4.849 5.615 6.503 7.531 8.721 10.10 11.70 13.54 15.69 18.17 21.04 24.36 28.21 32.67 37.84 43.82 50.75 58.77 68.06 78.82 91.28 105.7 122.4 141.8 164.2 190.1 220.2 255.0 295.3 342.0 396.1 458.7 531.2 615.1 712.4 825.0 955.4 1106 1281 1484 1718 1990 2305 2669 3091 3580 4145 4801 5560 6439 7456 8635 1.000e4
3	Size	10 DMPC : 0 DMPG 0.1 mg_ml 3	19 March 2026 10:55:59	50.0	163.7	0.309	120.2	0.000	0.000	100.0	0.0	0.0	32.65	0.000	0.000	0.0 0.0 0.0 0.0 0.0 0.0 0.0 0.0 0.0 0.0 0.0 0.0 0.0 0.0 0.0 0.0 0.0 0.0 0.0 0.0 0.0 0.0 0.0 0.0 0.0 0.0 0.0 0.0 0.0 0.0 0.0 0.0 0.0 0.0 0.0 3.5 9.6 15.6 19.3 19.4 16.0 10.5 4.9 1.1 0.0 0.0 0.0 0.0 0.0 0.0 0.0 0.0 0.0 0.0 0.0 0.0 0.0 0.0 0.0 0.0 0.0 0.0 0.0 0.0 0.0 0.0 0.0 0.0 0.0 0.0	0.4000 0.4632 0.5365 0.6213 0.7195 0.8332 0.9649 1.117 1.294 1.499 1.736 2.010 2.328 2.696 3.122 3.615 4.187 4.849 5.615 6.503 7.531 8.721 10.10 11.70 13.54 15.69 18.17 21.04 24.36 28.21 32.67 37.84 43.82 50.75 58.77 68.06 78.82 91.28 105.7 122.4 141.8 164.2 190.1 220.2 255.0 295.3 342.0 396.1 458.7 531.2 615.1 712.4 825.0 955.4 1106 1281 1484 1718 1990 2305 2669 3091 3580 4145 4801 5560 6439 7456 8635 1.000e4
4	Size	10 DMPC : 0 DMPG 0.1 mg_ml 1	19 March 2026 10:59:38	50.0	573.1	0.591	78.51	0.000	0.000	100.0	0.0	0.0	7.678	0.000	0.000	0.0 0.0 0.0 0.0 0.0 0.0 0.0 0.0 0.0 0.0 0.0 0.0 0.0 0.0 0.0 0.0 0.0 0.0 0.0 0.0 0.0 0.0 0.0 0.0 0.0 0.0 0.0 0.0 0.0 0.0 0.0 0.0 0.0 0.0 0.0 25.2 55.6 19.3 0.0 0.0 0.0 0.0 0.0 0.0 0.0 0.0 0.0 0.0 0.0 0.0 0.0 0.0 0.0 0.0 0.0 0.0 0.0 0.0 0.0 0.0 0.0 0.0 0.0 0.0 0.0 0.0 0.0 0.0 0.0 0.0	0.4000 0.4632 0.5365 0.6213 0.7195 0.8332 0.9649 1.117 1.294 1.499 1.736 2.010 2.328 2.696 3.122 3.615 4.187 4.849 5.615 6.503 7.531 8.721 10.10 11.70 13.54 15.69 18.17 21.04 24.36 28.21 32.67 37.84 43.82 50.75 58.77 68.06 78.82 91.28 105.7 122.4 141.8 164.2 190.1 220.2 255.0 295.3 342.0 396.1 458.7 531.2 615.1 712.4 825.0 955.4 1106 1281 1484 1718 1990 2305 2669 3091 3580 4145 4801 5560 6439 7456 8635 1.000e4
5	Size	10 DMPC : 0 DMPG 0.1 mg_ml 2	19 March 2026 11:02:11	50.0	1782	1.000	49.23	0.000	0.000	100.0	0.0	0.0	2.866	0.000	0.000	0.0 0.0 0.0 0.0 0.0 0.0 0.0 0.0 0.0 0.0 0.0 0.0 0.0 0.0 0.0 0.0 0.0 0.0 0.0 0.0 0.0 0.0 0.0 0.0 0.0 0.0 0.0 0.0 0.0 0.0 0.0 0.0 21.9 78.1 0.0 0.0 0.0 0.0 0.0 0.0 0.0 0.0 0.0 0.0 0.0 0.0 0.0 0.0 0.0 0.0 0.0 0.0 0.0 0.0 0.0 0.0 0.0 0.0 0.0 0.0 0.0 0.0 0.0 0.0 0.0 0.0 0.0 0.0 0.0 0.0	0.4000 0.4632 0.5365 0.6213 0.7195 0.8332 0.9649 1.117 1.294 1.499 1.736 2.010 2.328 2.696 3.122 3.615 4.187 4.849 5.615 6.503 7.531 8.721 10.10 11.70 13.54 15.69 18.17 21.04 24.36 28.21 32.67 37.84 43.82 50.75 58.77 68.06 78.82 91.28 105.7 122.4 141.8 164.2 190.1 220.2 255.0 295.3 342.0 396.1 458.7 531.2 615.1 712.4 825.0 955.4 1106 1281 1484 1718 1990 2305 2669 3091 3580 4145 4801 5560 6439 7456 8635 1.000e4
6	Size	10 DMPC : 0 DMPG 0.1 mg_ml 3	19 March 2026 11:04:44	50.0	501.0	0.420	93.90	0.000	0.000	100.0	0.0	0.0	11.99	0.000	0.000	0.0 0.0 0.0 0.0 0.0 0.0 0.0 0.0 0.0 0.0 0.0 0.0 0.0 0.0 0.0 0.0 0.0 0.0 0.0 0.0 0.0 0.0 0.0 0.0 0.0 0.0 0.0 0.0 0.0 0.0 0.0 0.0 0.0 0.0 0.0 0.6 24.3 40.7 29.4 5.0 0.0 0.0 0.0 0.0 0.0 0.0 0.0 0.0 0.0 0.0 0.0 0.0 0.0 0.0 0.0 0.0 0.0 0.0 0.0 0.0 0.0 0.0 0.0 0.0 0.0 0.0 0.0 0.0 0.0 0.0	0.4000 0.4632 0.5365 0.6213 0.7195 0.8332 0.9649 1.117 1.294 1.499 1.736 2.010 2.328 2.696 3.122 3.615 4.187 4.849 5.615 6.503 7.531 8.721 10.10 11.70 13.54 15.69 18.17 21.04 24.36 28.21 32.67 37.84 43.82 50.75 58.77 68.06 78.82 91.28 105.7 122.4 141.8 164.2 190.1 220.2 255.0 295.3 342.0 396.1 458.7 531.2 615.1 712.4 825.0 955.4 1106 1281 1484 1718 1990 2305 2669 3091 3580 4145 4801 5560 6439 7456 8635 1.000e4
7	Size	10 DMPC : 0 DMPG 0.1 mg_ml 1	19 March 2026 11:14:56	50.0	145.7	0.243	97.23	0.000	0.000	100.0	0.0	0.0	17.00	0.000	0.000	0.0 0.0 0.0 0.0 0.0 0.0 0.0 0.0 0.0 0.0 0.0 0.0 0.0 0.0 0.0 0.0 0.0 0.0 0.0 0.0 0.0 0.0 0.0 0.0 0.0 0.0 0.0 0.0 0.0 0.0 0.0 0.0 0.0 0.0 0.0 5.8 19.8 29.8 27.4 14.7 2.5 0.0 0.0 0.0 0.0 0.0 0.0 0.0 0.0 0.0 0.0 0.0 0.0 0.0 0.0 0.0 0.0 0.0 0.0 0.0 0.0 0.0 0.0 0.0 0.0 0.0 0.0 0.0 0.0 0.0	0.4000 0.4632 0.5365 0.6213 0.7195 0.8332 0.9649 1.117 1.294 1.499 1.736 2.010 2.328 2.696 3.122 3.615 4.187 4.849 5.615 6.503 7.531 8.721 10.10 11.70 13.54 15.69 18.17 21.04 24.36 28.21 32.67 37.84 43.82 50.75 58.77 68.06 78.82 91.28 105.7 122.4 141.8 164.2 190.1 220.2 255.0 295.3 342.0 396.1 458.7 531.2 615.1 712.4 825.0 955.4 1106 1281 1484 1718 1990 2305 2669 3091 3580 4145 4801 5560 6439 7456 8635 1.000e4
8	Size	10 DMPC : 0 DMPG 0.1 mg_ml 2	19 March 2026 11:17:09	50.0	143.1	0.243	95.55	0.000	0.000	100.0	0.0	0.0	15.79	0.000	0.000	0.0 0.0 0.0 0.0 0.0 0.0 0.0 0.0 0.0 0.0 0.0 0.0 0.0 0.0 0.0 0.0 0.0 0.0 0.0 0.0 0.0 0.0 0.0 0.0 0.0 0.0 0.0 0.0 0.0 0.0 0.0 0.0 0.0 0.0 0.0 6.3 21.2 31.3 27.5 13.1 0.7 0.0 0.0 0.0 0.0 0.0 0.0 0.0 0.0 0.0 0.0 0.0 0.0 0.0 0.0 0.0 0.0 0.0 0.0 0.0 0.0 0.0 0.0 0.0 0.0 0.0 0.0 0.0 0.0 0.0	0.4000 0.4632 0.5365 0.6213 0.7195 0.8332 0.9649 1.117 1.294 1.499 1.736 2.010 2.328 2.696 3.122 3.615 4.187 4.849 5.615 6.503 7.531 8.721 10.10 11.70 13.54 15.69 18.17 21.04 24.36 28.21 32.67 37.84 43.82 50.75 58.77 68.06 78.82 91.28 105.7 122.4 141.8 164.2 190.1 220.2 255.0 295.3 342.0 396.1 458.7 531.2 615.1 712.4 825.0 955.4 1106 1281 1484 1718 1990 2305 2669 3091 3580 4145 4801 5560 6439 7456 8635 1.000e4
9	Size	10 DMPC : 0 DMPG 0.1 mg_ml 3	19 March 2026 11:19:21	50.0	230.5	0.303	111.8	0.000	0.000	100.0	0.0	0.0	23.52	0.000	0.000	0.0 0.0 0.0 0.0 0.0 0.0 0.0 0.0 0.0 0.0 0.0 0.0 0.0 0.0 0.0 0.0 0.0 0.0 0.0 0.0 0.0 0.0 0.0 0.0 0.0 0.0 0.0 0.0 0.0 0.0 0.0 0.0 0.0 0.0 0.0 2.3 10.0 19.3 24.8 23.2 15.1 5.4 0.0 0.0 0.0 0.0 0.0 0.0 0.0 0.0 0.0 0.0 0.0 0.0 0.0 0.0 0.0 0.0 0.0 0.0 0.0 0.0 0.0 0.0 0.0 0.0 0.0 0.0 0.0 0.0	0.4000 0.4632 0.5365 0.6213 0.7195 0.8332 0.9649 1.117 1.294 1.499 1.736 2.010 2.328 2.696 3.122 3.615 4.187 4.849 5.615 6.503 7.531 8.721 10.10 11.70 13.54 15.69 18.17 21.04 24.36 28.21 32.67 37.84 43.82 50.75 58.77 68.06 78.82 91.28 105.7 122.4 141.8 164.2 190.1 220.2 255.0 295.3 342.0 396.1 458.7 531.2 615.1 712.4 825.0 955.4 1106 1281 1484 1718 1990 2305 2669 3091 3580 4145 4801 5560 6439 7456 8635 1.000e4
10	Size	7 DMPC : 3 DMPG 0.1 mg_ml 1	19 March 2026 11:32:15	50.0	104.6	0.099	117.3	0.000	0.000	100.0	0.0	0.0	41.34	0.000	0.000	0.0 0.0 0.0 0.0 0.0 0.0 0.0 0.0 0.0 0.0 0.0 0.0 0.0 0.0 0.0 0.0 0.0 0.0 0.0 0.0 0.0 0.0 0.0 0.0 0.0 0.0 0.0 0.0 0.0 0.0 0.0 0.0 0.0 1.0 3.8 7.7 11.5 14.3 15.5 14.8 12.6 9.3 5.9 2.9 0.8 0.0 0.0 0.0 0.0 0.0 0.0 0.0 0.0 0.0 0.0 0.0 0.0 0.0 0.0 0.0 0.0 0.0 0.0 0.0 0.0 0.0 0.0 0.0 0.0 0.0	0.4000 0.4632 0.5365 0.6213 0.7195 0.8332 0.9649 1.117 1.294 1.499 1.736 2.010 2.328 2.696 3.122 3.615 4.187 4.849 5.615 6.503 7.531 8.721 10.10 11.70 13.54 15.69 18.17 21.04 24.36 28.21 32.67 37.84 43.82 50.75 58.77 68.06 78.82 91.28 105.7 122.4 141.8 164.2 190.1 220.2 255.0 295.3 342.0 396.1 458.7 531.2 615.1 712.4 825.0 955.4 1106 1281 1484 1718 1990 2305 2669 3091 3580 4145 4801 5560 6439 7456 8635 1.000e4
11	Size	7 DMPC : 3 DMPG 0.1 mg_ml 2	19 March 2026 11:35:08	50.0	100.8	0.114	107.6	0.000	0.000	100.0	0.0	0.0	30.58	0.000	0.000	0.0 0.0 0.0 0.0 0.0 0.0 0.0 0.0 0.0 0.0 0.0 0.0 0.0 0.0 0.0 0.0 0.0 0.0 0.0 0.0 0.0 0.0 0.0 0.0 0.0 0.0 0.0 0.0 0.0 0.0 0.0 0.0 0.0 0.0 2.9 8.5 14.4 18.3 18.9 16.3 11.7 6.5 2.3 0.2 0.0 0.0 0.0 0.0 0.0 0.0 0.0 0.0 0.0 0.0 0.0 0.0 0.0 0.0 0.0 0.0 0.0 0.0 0.0 0.0 0.0 0.0 0.0 0.0 0.0 0.0	0.4000 0.4632 0.5365 0.6213 0.7195 0.8332 0.9649 1.117 1.294 1.499 1.736 2.010 2.328 2.696 3.122 3.615 4.187 4.849 5.615 6.503 7.531 8.721 10.10 11.70 13.54 15.69 18.17 21.04 24.36 28.21 32.67 37.84 43.82 50.75 58.77 68.06 78.82 91.28 105.7 122.4 141.8 164.2 190.1 220.2 255.0 295.3 342.0 396.1 458.7 531.2 615.1 712.4 825.0 955.4 1106 1281 1484 1718 1990 2305 2669 3091 3580 4145 4801 5560 6439 7456 8635 1.000e4
12	Size	7 DMPC : 3 DMPG 0.1 mg_ml 3	19 March 2026 11:38:01	50.0	102.8	0.089	113.2	0.000	0.000	100.0	0.0	0.0	35.99	0.000	0.000	0.0 0.0 0.0 0.0 0.0 0.0 0.0 0.0 0.0 0.0 0.0 0.0 0.0 0.0 0.0 0.0 0.0 0.0 0.0 0.0 0.0 0.0 0.0 0.0 0.0 0.0 0.0 0.0 0.0 0.0 0.0 0.0 0.0 0.5 3.3 7.7 12.4 15.8 17.0 15.9 12.8 8.6 4.5 1.5 0.1 0.0 0.0 0.0 0.0 0.0 0.0 0.0 0.0 0.0 0.0 0.0 0.0 0.0 0.0 0.0 0.0 0.0 0.0 0.0 0.0 0.0 0.0 0.0 0.0 0.0	0.4000 0.4632 0.5365 0.6213 0.7195 0.8332 0.9649 1.117 1.294 1.499 1.736 2.010 2.328 2.696 3.122 3.615 4.187 4.849 5.615 6.503 7.531 8.721 10.10 11.70 13.54 15.69 18.17 21.04 24.36 28.21 32.67 37.84 43.82 50.75 58.77 68.06 78.82 91.28 105.7 122.4 141.8 164.2 190.1 220.2 255.0 295.3 342.0 396.1 458.7 531.2 615.1 712.4 825.0 955.4 1106 1281 1484 1718 1990 2305 2669 3091 3580 4145 4801 5560 6439 7456 8635 1.000e4
16	Size	10 DMPC : 0 DMPG 0.1 mg_ml 1	19 March 2026 11:57:05	50.0	121.7	0.212	119.9	0.000	0.000	100.0	0.0	0.0	31.20	0.000	0.000	0.0 0.0 0.0 0.0 0.0 0.0 0.0 0.0 0.0 0.0 0.0 0.0 0.0 0.0 0.0 0.0 0.0 0.0 0.0 0.0 0.0 0.0 0.0 0.0 0.0 0.0 0.0 0.0 0.0 0.0 0.0 0.0 0.0 0.0 0.0 2.8 9.0 15.8 20.1 20.3 16.5 10.4 4.4 0.7 0.0 0.0 0.0 0.0 0.0 0.0 0.0 0.0 0.0 0.0 0.0 0.0 0.0 0.0 0.0 0.0 0.0 0.0 0.0 0.0 0.0 0.0 0.0 0.0 0.0 0.0	0.4000 0.4632 0.5365 0.6213 0.7195 0.8332 0.9649 1.117 1.294 1.499 1.736 2.010 2.328 2.696 3.122 3.615 4.187 4.849 5.615 6.503 7.531 8.721 10.10 11.70 13.54 15.69 18.17 21.04 24.36 28.21 32.67 37.84 43.82 50.75 58.77 68.06 78.82 91.28 105.7 122.4 141.8 164.2 190.1 220.2 255.0 295.3 342.0 396.1 458.7 531.2 615.1 712.4 825.0 955.4 1106 1281 1484 1718 1990 2305 2669 3091 3580 4145 4801 5560 6439 7456 8635 1.000e4
17	Size	10 DMPC : 0 DMPG 0.1 mg_ml 2	19 March 2026 11:59:48	50.0	119.2	0.177	123.5	5360	0.000	99.0	1.0	0.0	37.09	335.0	0.000	0.0 0.0 0.0 0.0 0.0 0.0 0.0 0.0 0.0 0.0 0.0 0.0 0.0 0.0 0.0 0.0 0.0 0.0 0.0 0.0 0.0 0.0 0.0 0.0 0.0 0.0 0.0 0.0 0.0 0.0 0.0 0.0 0.0 0.0 0.6 4.0 9.2 14.2 17.4 17.7 15.4 11.2 6.4 2.5 0.4 0.0 0.0 0.0 0.0 0.0 0.0 0.0 0.0 0.0 0.0 0.0 0.0 0.0 0.0 0.0 0.0 0.0 0.0 0.0 0.3 0.8 0.0 0.0 0.0 0.0	0.4000 0.4632 0.5365 0.6213 0.7195 0.8332 0.9649 1.117 1.294 1.499 1.736 2.010 2.328 2.696 3.122 3.615 4.187 4.849 5.615 6.503 7.531 8.721 10.10 11.70 13.54 15.69 18.17 21.04 24.36 28.21 32.67 37.84 43.82 50.75 58.77 68.06 78.82 91.28 105.7 122.4 141.8 164.2 190.1 220.2 255.0 295.3 342.0 396.1 458.7 531.2 615.1 712.4 825.0 955.4 1106 1281 1484 1718 1990 2305 2669 3091 3580 4145 4801 5560 6439 7456 8635 1.000e4
18	Size	10 DMPC : 0 DMPG 0.1 mg_ml 3	19 March 2026 12:02:31	50.0	120.4	0.219	118.6	0.000	0.000	100.0	0.0	0.0	31.70	0.000	0.000	0.0 0.0 0.0 0.0 0.0 0.0 0.0 0.0 0.0 0.0 0.0 0.0 0.0 0.0 0.0 0.0 0.0 0.0 0.0 0.0 0.0 0.0 0.0 0.0 0.0 0.0 0.0 0.0 0.0 0.0 0.0 0.0 0.0 0.0 0.0 3.6 10.0 16.3 19.9 19.6 15.6 9.8 4.3 0.9 0.0 0.0 0.0 0.0 0.0 0.0 0.0 0.0 0.0 0.0 0.0 0.0 0.0 0.0 0.0 0.0 0.0 0.0 0.0 0.0 0.0 0.0 0.0 0.0 0.0 0.0	0.4000 0.4632 0.5365 0.6213 0.7195 0.8332 0.9649 1.117 1.294 1.499 1.736 2.010 2.328 2.696 3.122 3.615 4.187 4.849 5.615 6.503 7.531 8.721 10.10 11.70 13.54 15.69 18.17 21.04 24.36 28.21 32.67 37.84 43.82 50.75 58.77 68.06 78.82 91.28 105.7 122.4 141.8 164.2 190.1 220.2 255.0 295.3 342.0 396.1 458.7 531.2 615.1 712.4 825.0 955.4 1106 1281 1484 1718 1990 2305 2669 3091 3580 4145 4801 5560 6439 7456 8635 1.000e4
19	Size	DPPC 0.1 mg_ml 1	19 March 2026 15:32:30	50.0	107.9	0.190	104.4	0.000	0.000	100.0	0.0	0.0	24.49	0.000	0.000	0.0 0.0 0.0 0.0 0.0 0.0 0.0 0.0 0.0 0.0 0.0 0.0 0.0 0.0 0.0 0.0 0.0 0.0 0.0 0.0 0.0 0.0 0.0 0.0 0.0 0.0 0.0 0.0 0.0 0.0 0.0 0.0 0.0 0.0 1.1 7.2 15.3 21.3 22.4 18.2 10.8 3.8 0.0 0.0 0.0 0.0 0.0 0.0 0.0 0.0 0.0 0.0 0.0 0.0 0.0 0.0 0.0 0.0 0.0 0.0 0.0 0.0 0.0 0.0 0.0 0.0 0.0 0.0 0.0 0.0	0.4000 0.4632 0.5365 0.6213 0.7195 0.8332 0.9649 1.117 1.294 1.499 1.736 2.010 2.328 2.696 3.122 3.615 4.187 4.849 5.615 6.503 7.531 8.721 10.10 11.70 13.54 15.69 18.17 21.04 24.36 28.21 32.67 37.84 43.82 50.75 58.77 68.06 78.82 91.28 105.7 122.4 141.8 164.2 190.1 220.2 255.0 295.3 342.0 396.1 458.7 531.2 615.1 712.4 825.0 955.4 1106 1281 1484 1718 1990 2305 2669 3091 3580 4145 4801 5560 6439 7456 8635 1.000e4
20	Size	DPPC 0.1 mg_ml 2	19 March 2026 15:34:43	50.0	106.6	0.224	96.18	0.000	0.000	100.0	0.0	0.0	18.10	0.000	0.000	0.0 0.0 0.0 0.0 0.0 0.0 0.0 0.0 0.0 0.0 0.0 0.0 0.0 0.0 0.0 0.0 0.0 0.0 0.0 0.0 0.0 0.0 0.0 0.0 0.0 0.0 0.0 0.0 0.0 0.0 0.0 0.0 0.0 0.0 0.0 8.7 21.3 28.1 24.7 13.8 3.4 0.0 0.0 0.0 0.0 0.0 0.0 0.0 0.0 0.0 0.0 0.0 0.0 0.0 0.0 0.0 0.0 0.0 0.0 0.0 0.0 0.0 0.0 0.0 0.0 0.0 0.0 0.0 0.0 0.0	0.4000 0.4632 0.5365 0.6213 0.7195 0.8332 0.9649 1.117 1.294 1.499 1.736 2.010 2.328 2.696 3.122 3.615 4.187 4.849 5.615 6.503 7.531 8.721 10.10 11.70 13.54 15.69 18.17 21.04 24.36 28.21 32.67 37.84 43.82 50.75 58.77 68.06 78.82 91.28 105.7 122.4 141.8 164.2 190.1 220.2 255.0 295.3 342.0 396.1 458.7 531.2 615.1 712.4 825.0 955.4 1106 1281 1484 1718 1990 2305 2669 3091 3580 4145 4801 5560 6439 7456 8635 1.000e4
21	Size	DPPC 0.1 mg_ml 3	19 March 2026 15:36:55	50.0	104.0	0.224	99.16	0.000	0.000	100.0	0.0	0.0	19.46	0.000	0.000	0.0 0.0 0.0 0.0 0.0 0.0 0.0 0.0 0.0 0.0 0.0 0.0 0.0 0.0 0.0 0.0 0.0 0.0 0.0 0.0 0.0 0.0 0.0 0.0 0.0 0.0 0.0 0.0 0.0 0.0 0.0 0.0 0.0 0.0 0.0 7.4 18.6 26.0 25.1 16.7 6.2 0.0 0.0 0.0 0.0 0.0 0.0 0.0 0.0 0.0 0.0 0.0 0.0 0.0 0.0 0.0 0.0 0.0 0.0 0.0 0.0 0.0 0.0 0.0 0.0 0.0 0.0 0.0 0.0 0.0	0.4000 0.4632 0.5365 0.6213 0.7195 0.8332 0.9649 1.117 1.294 1.499 1.736 2.010 2.328 2.696 3.122 3.615 4.187 4.849 5.615 6.503 7.531 8.721 10.10 11.70 13.54 15.69 18.17 21.04 24.36 28.21 32.67 37.84 43.82 50.75 58.77 68.06 78.82 91.28 105.7 122.4 141.8 164.2 190.1 220.2 255.0 295.3 342.0 396.1 458.7 531.2 615.1 712.4 825.0 955.4 1106 1281 1484 1718 1990 2305 2669 3091 3580 4145 4801 5560 6439 7456 8635 1.000e4

