Record	Type	Sample Name	Measurement Date and Time	T	Z-Ave	PdI	Pk 1 Mean Int	Pk 2 Mean Int	Pk 3 Mean Int	Pk 1 Area Int	Pk 2 Area Int	Pk 3 Area Int	Size Peak	Size Peak	Size Peak	Intensities	Sizes
 		 	 	Â°C	d.nm	 	d.nm	d.nm	d.nm	Percent	Percent	Percent	d.nm	d.nm	d.nm	Percent	d.nm
1	Size	7 POPC : 3 POPG 1	19 February 2026 12:06:42	37.0	99.64	0.092	109.6	0.000	0.000	100.0	0.0	0.0	34.35	0.000	0.000	0.0 0.0 0.0 0.0 0.0 0.0 0.0 0.0 0.0 0.0 0.0 0.0 0.0 0.0 0.0 0.0 0.0 0.0 0.0 0.0 0.0 0.0 0.0 0.0 0.0 0.0 0.0 0.0 0.0 0.0 0.0 0.0 0.0 0.7 3.9 8.7 13.4 16.6 17.3 15.5 11.9 7.5 3.5 0.9 0.0 0.0 0.0 0.0 0.0 0.0 0.0 0.0 0.0 0.0 0.0 0.0 0.0 0.0 0.0 0.0 0.0 0.0 0.0 0.0 0.0 0.0 0.0 0.0 0.0 0.0	0.4000 0.4632 0.5365 0.6213 0.7195 0.8332 0.9649 1.117 1.294 1.499 1.736 2.010 2.328 2.696 3.122 3.615 4.187 4.849 5.615 6.503 7.531 8.721 10.10 11.70 13.54 15.69 18.17 21.04 24.36 28.21 32.67 37.84 43.82 50.75 58.77 68.06 78.82 91.28 105.7 122.4 141.8 164.2 190.1 220.2 255.0 295.3 342.0 396.1 458.7 531.2 615.1 712.4 825.0 955.4 1106 1281 1484 1718 1990 2305 2669 3091 3580 4145 4801 5560 6439 7456 8635 1.000e4
2	Size	7 POPC : 3 POPG 2	19 February 2026 12:09:14	37.0	97.81	0.090	108.5	0.000	0.000	100.0	0.0	0.0	36.19	0.000	0.000	0.0 0.0 0.0 0.0 0.0 0.0 0.0 0.0 0.0 0.0 0.0 0.0 0.0 0.0 0.0 0.0 0.0 0.0 0.0 0.0 0.0 0.0 0.0 0.0 0.0 0.0 0.0 0.0 0.0 0.0 0.0 0.0 0.0 1.8 5.3 9.5 13.2 15.6 16.0 14.5 11.4 7.6 3.9 1.2 0.0 0.0 0.0 0.0 0.0 0.0 0.0 0.0 0.0 0.0 0.0 0.0 0.0 0.0 0.0 0.0 0.0 0.0 0.0 0.0 0.0 0.0 0.0 0.0 0.0 0.0	0.4000 0.4632 0.5365 0.6213 0.7195 0.8332 0.9649 1.117 1.294 1.499 1.736 2.010 2.328 2.696 3.122 3.615 4.187 4.849 5.615 6.503 7.531 8.721 10.10 11.70 13.54 15.69 18.17 21.04 24.36 28.21 32.67 37.84 43.82 50.75 58.77 68.06 78.82 91.28 105.7 122.4 141.8 164.2 190.1 220.2 255.0 295.3 342.0 396.1 458.7 531.2 615.1 712.4 825.0 955.4 1106 1281 1484 1718 1990 2305 2669 3091 3580 4145 4801 5560 6439 7456 8635 1.000e4
3	Size	7 POPC : 3 POPG 3	19 February 2026 12:11:47	37.0	96.30	0.054	104.1	0.000	0.000	100.0	0.0	0.0	30.56	0.000	0.000	0.0 0.0 0.0 0.0 0.0 0.0 0.0 0.0 0.0 0.0 0.0 0.0 0.0 0.0 0.0 0.0 0.0 0.0 0.0 0.0 0.0 0.0 0.0 0.0 0.0 0.0 0.0 0.0 0.0 0.0 0.0 0.0 0.0 1.2 4.7 9.8 14.7 17.7 18.0 15.4 10.9 5.8 1.8 0.0 0.0 0.0 0.0 0.0 0.0 0.0 0.0 0.0 0.0 0.0 0.0 0.0 0.0 0.0 0.0 0.0 0.0 0.0 0.0 0.0 0.0 0.0 0.0 0.0 0.0 0.0	0.4000 0.4632 0.5365 0.6213 0.7195 0.8332 0.9649 1.117 1.294 1.499 1.736 2.010 2.328 2.696 3.122 3.615 4.187 4.849 5.615 6.503 7.531 8.721 10.10 11.70 13.54 15.69 18.17 21.04 24.36 28.21 32.67 37.84 43.82 50.75 58.77 68.06 78.82 91.28 105.7 122.4 141.8 164.2 190.1 220.2 255.0 295.3 342.0 396.1 458.7 531.2 615.1 712.4 825.0 955.4 1106 1281 1484 1718 1990 2305 2669 3091 3580 4145 4801 5560 6439 7456 8635 1.000e4
11	Size	9 POPC : 1 POPG 0.2 mg_ml 1	19 February 2026 15:11:21	25.0	91.08	0.122	103.3	0.000	0.000	100.0	0.0	0.0	38.93	0.000	0.000	0.0 0.0 0.0 0.0 0.0 0.0 0.0 0.0 0.0 0.0 0.0 0.0 0.0 0.0 0.0 0.0 0.0 0.0 0.0 0.0 0.0 0.0 0.0 0.0 0.0 0.0 0.0 0.0 0.0 0.0 0.0 0.0 1.2 4.0 7.7 11.3 13.8 14.7 14.1 12.2 9.4 6.3 3.5 1.5 0.3 0.0 0.0 0.0 0.0 0.0 0.0 0.0 0.0 0.0 0.0 0.0 0.0 0.0 0.0 0.0 0.0 0.0 0.0 0.0 0.0 0.0 0.0 0.0 0.0 0.0	0.4000 0.4632 0.5365 0.6213 0.7195 0.8332 0.9649 1.117 1.294 1.499 1.736 2.010 2.328 2.696 3.122 3.615 4.187 4.849 5.615 6.503 7.531 8.721 10.10 11.70 13.54 15.69 18.17 21.04 24.36 28.21 32.67 37.84 43.82 50.75 58.77 68.06 78.82 91.28 105.7 122.4 141.8 164.2 190.1 220.2 255.0 295.3 342.0 396.1 458.7 531.2 615.1 712.4 825.0 955.4 1106 1281 1484 1718 1990 2305 2669 3091 3580 4145 4801 5560 6439 7456 8635 1.000e4
12	Size	9 POPC : 1 POPG 0.2 mg_ml 2	19 February 2026 15:13:34	25.0	91.33	0.114	103.6	0.000	0.000	100.0	0.0	0.0	38.19	0.000	0.000	0.0 0.0 0.0 0.0 0.0 0.0 0.0 0.0 0.0 0.0 0.0 0.0 0.0 0.0 0.0 0.0 0.0 0.0 0.0 0.0 0.0 0.0 0.0 0.0 0.0 0.0 0.0 0.0 0.0 0.0 0.0 0.0 1.0 3.7 7.4 11.2 13.9 15.0 14.4 12.4 9.5 6.3 3.5 1.4 0.3 0.0 0.0 0.0 0.0 0.0 0.0 0.0 0.0 0.0 0.0 0.0 0.0 0.0 0.0 0.0 0.0 0.0 0.0 0.0 0.0 0.0 0.0 0.0 0.0 0.0	0.4000 0.4632 0.5365 0.6213 0.7195 0.8332 0.9649 1.117 1.294 1.499 1.736 2.010 2.328 2.696 3.122 3.615 4.187 4.849 5.615 6.503 7.531 8.721 10.10 11.70 13.54 15.69 18.17 21.04 24.36 28.21 32.67 37.84 43.82 50.75 58.77 68.06 78.82 91.28 105.7 122.4 141.8 164.2 190.1 220.2 255.0 295.3 342.0 396.1 458.7 531.2 615.1 712.4 825.0 955.4 1106 1281 1484 1718 1990 2305 2669 3091 3580 4145 4801 5560 6439 7456 8635 1.000e4
13	Size	9 POPC : 1 POPG 0.2 mg_ml 3	19 February 2026 15:15:46	25.0	90.44	0.117	103.6	0.000	0.000	100.0	0.0	0.0	40.28	0.000	0.000	0.0 0.0 0.0 0.0 0.0 0.0 0.0 0.0 0.0 0.0 0.0 0.0 0.0 0.0 0.0 0.0 0.0 0.0 0.0 0.0 0.0 0.0 0.0 0.0 0.0 0.0 0.0 0.0 0.0 0.0 0.0 0.0 1.5 4.5 8.0 11.2 13.4 14.2 13.6 11.9 9.3 6.4 3.8 1.7 0.5 0.0 0.0 0.0 0.0 0.0 0.0 0.0 0.0 0.0 0.0 0.0 0.0 0.0 0.0 0.0 0.0 0.0 0.0 0.0 0.0 0.0 0.0 0.0 0.0 0.0	0.4000 0.4632 0.5365 0.6213 0.7195 0.8332 0.9649 1.117 1.294 1.499 1.736 2.010 2.328 2.696 3.122 3.615 4.187 4.849 5.615 6.503 7.531 8.721 10.10 11.70 13.54 15.69 18.17 21.04 24.36 28.21 32.67 37.84 43.82 50.75 58.77 68.06 78.82 91.28 105.7 122.4 141.8 164.2 190.1 220.2 255.0 295.3 342.0 396.1 458.7 531.2 615.1 712.4 825.0 955.4 1106 1281 1484 1718 1990 2305 2669 3091 3580 4145 4801 5560 6439 7456 8635 1.000e4
17	Size	9 POPC : 1 POPG 0.1 mg_ml 1	19 February 2026 15:50:23	25.0	95.32	0.151	111.1	0.000	0.000	100.0	0.0	0.0	48.05	0.000	0.000	0.0 0.0 0.0 0.0 0.0 0.0 0.0 0.0 0.0 0.0 0.0 0.0 0.0 0.0 0.0 0.0 0.0 0.0 0.0 0.0 0.0 0.0 0.0 0.0 0.0 0.0 0.0 0.0 0.0 0.0 0.0 0.1 1.6 4.1 7.2 10.0 12.0 13.0 12.8 11.6 9.7 7.5 5.1 3.1 1.5 0.5 0.1 0.0 0.0 0.0 0.0 0.0 0.0 0.0 0.0 0.0 0.0 0.0 0.0 0.0 0.0 0.0 0.0 0.0 0.0 0.0 0.0 0.0 0.0 0.0	0.4000 0.4632 0.5365 0.6213 0.7195 0.8332 0.9649 1.117 1.294 1.499 1.736 2.010 2.328 2.696 3.122 3.615 4.187 4.849 5.615 6.503 7.531 8.721 10.10 11.70 13.54 15.69 18.17 21.04 24.36 28.21 32.67 37.84 43.82 50.75 58.77 68.06 78.82 91.28 105.7 122.4 141.8 164.2 190.1 220.2 255.0 295.3 342.0 396.1 458.7 531.2 615.1 712.4 825.0 955.4 1106 1281 1484 1718 1990 2305 2669 3091 3580 4145 4801 5560 6439 7456 8635 1.000e4
18	Size	9 POPC : 1 POPG 0.1 mg_ml 2	19 February 2026 15:52:25	25.0	95.35	0.148	109.6	0.000	0.000	100.0	0.0	0.0	44.84	0.000	0.000	0.0 0.0 0.0 0.0 0.0 0.0 0.0 0.0 0.0 0.0 0.0 0.0 0.0 0.0 0.0 0.0 0.0 0.0 0.0 0.0 0.0 0.0 0.0 0.0 0.0 0.0 0.0 0.0 0.0 0.0 0.0 0.1 1.5 3.9 7.0 9.9 12.2 13.4 13.3 12.2 10.1 7.5 4.9 2.7 1.1 0.2 0.0 0.0 0.0 0.0 0.0 0.0 0.0 0.0 0.0 0.0 0.0 0.0 0.0 0.0 0.0 0.0 0.0 0.0 0.0 0.0 0.0 0.0 0.0 0.0	0.4000 0.4632 0.5365 0.6213 0.7195 0.8332 0.9649 1.117 1.294 1.499 1.736 2.010 2.328 2.696 3.122 3.615 4.187 4.849 5.615 6.503 7.531 8.721 10.10 11.70 13.54 15.69 18.17 21.04 24.36 28.21 32.67 37.84 43.82 50.75 58.77 68.06 78.82 91.28 105.7 122.4 141.8 164.2 190.1 220.2 255.0 295.3 342.0 396.1 458.7 531.2 615.1 712.4 825.0 955.4 1106 1281 1484 1718 1990 2305 2669 3091 3580 4145 4801 5560 6439 7456 8635 1.000e4
19	Size	9 POPC : 1 POPG 0.1 mg_ml 3	19 February 2026 15:54:28	25.0	93.87	0.163	101.3	4782	0.000	98.0	2.0	0.0	35.41	732.0	0.000	0.0 0.0 0.0 0.0 0.0 0.0 0.0 0.0 0.0 0.0 0.0 0.0 0.0 0.0 0.0 0.0 0.0 0.0 0.0 0.0 0.0 0.0 0.0 0.0 0.0 0.0 0.0 0.0 0.0 0.0 0.0 0.0 0.7 3.4 7.5 11.5 14.3 15.4 14.6 12.3 9.0 5.6 2.7 0.8 0.0 0.0 0.0 0.0 0.0 0.0 0.0 0.0 0.0 0.0 0.0 0.0 0.0 0.0 0.0 0.0 0.0 0.1 0.2 0.4 0.6 0.7 0.0 0.0 0.0 0.0	0.4000 0.4632 0.5365 0.6213 0.7195 0.8332 0.9649 1.117 1.294 1.499 1.736 2.010 2.328 2.696 3.122 3.615 4.187 4.849 5.615 6.503 7.531 8.721 10.10 11.70 13.54 15.69 18.17 21.04 24.36 28.21 32.67 37.84 43.82 50.75 58.77 68.06 78.82 91.28 105.7 122.4 141.8 164.2 190.1 220.2 255.0 295.3 342.0 396.1 458.7 531.2 615.1 712.4 825.0 955.4 1106 1281 1484 1718 1990 2305 2669 3091 3580 4145 4801 5560 6439 7456 8635 1.000e4
26	Size	6 POPC : 4 POPG 0.2 mg_ml 1	19 February 2026 16:29:20	25.0	82.91	0.077	90.05	0.000	0.000	100.0	0.0	0.0	26.41	0.000	0.000	0.0 0.0 0.0 0.0 0.0 0.0 0.0 0.0 0.0 0.0 0.0 0.0 0.0 0.0 0.0 0.0 0.0 0.0 0.0 0.0 0.0 0.0 0.0 0.0 0.0 0.0 0.0 0.0 0.0 0.0 0.0 0.0 0.9 4.5 9.9 15.0 17.9 18.0 15.3 10.7 5.8 1.9 0.1 0.0 0.0 0.0 0.0 0.0 0.0 0.0 0.0 0.0 0.0 0.0 0.0 0.0 0.0 0.0 0.0 0.0 0.0 0.0 0.0 0.0 0.0 0.0 0.0 0.0 0.0 0.0	0.4000 0.4632 0.5365 0.6213 0.7195 0.8332 0.9649 1.117 1.294 1.499 1.736 2.010 2.328 2.696 3.122 3.615 4.187 4.849 5.615 6.503 7.531 8.721 10.10 11.70 13.54 15.69 18.17 21.04 24.36 28.21 32.67 37.84 43.82 50.75 58.77 68.06 78.82 91.28 105.7 122.4 141.8 164.2 190.1 220.2 255.0 295.3 342.0 396.1 458.7 531.2 615.1 712.4 825.0 955.4 1106 1281 1484 1718 1990 2305 2669 3091 3580 4145 4801 5560 6439 7456 8635 1.000e4
27	Size	6 POPC : 4 POPG 0.2 mg_ml 2	19 February 2026 16:31:53	25.0	82.34	0.079	89.62	0.000	0.000	100.0	0.0	0.0	26.53	0.000	0.000	0.0 0.0 0.0 0.0 0.0 0.0 0.0 0.0 0.0 0.0 0.0 0.0 0.0 0.0 0.0 0.0 0.0 0.0 0.0 0.0 0.0 0.0 0.0 0.0 0.0 0.0 0.0 0.0 0.0 0.0 0.0 0.0 1.1 4.8 10.1 15.0 17.8 17.8 15.1 10.6 5.7 1.9 0.1 0.0 0.0 0.0 0.0 0.0 0.0 0.0 0.0 0.0 0.0 0.0 0.0 0.0 0.0 0.0 0.0 0.0 0.0 0.0 0.0 0.0 0.0 0.0 0.0 0.0 0.0 0.0	0.4000 0.4632 0.5365 0.6213 0.7195 0.8332 0.9649 1.117 1.294 1.499 1.736 2.010 2.328 2.696 3.122 3.615 4.187 4.849 5.615 6.503 7.531 8.721 10.10 11.70 13.54 15.69 18.17 21.04 24.36 28.21 32.67 37.84 43.82 50.75 58.77 68.06 78.82 91.28 105.7 122.4 141.8 164.2 190.1 220.2 255.0 295.3 342.0 396.1 458.7 531.2 615.1 712.4 825.0 955.4 1106 1281 1484 1718 1990 2305 2669 3091 3580 4145 4801 5560 6439 7456 8635 1.000e4
28	Size	6 POPC : 4 POPG 0.2 mg_ml 3	19 February 2026 16:34:25	25.0	81.75	0.083	88.93	0.000	0.000	100.0	0.0	0.0	25.99	0.000	0.000	0.0 0.0 0.0 0.0 0.0 0.0 0.0 0.0 0.0 0.0 0.0 0.0 0.0 0.0 0.0 0.0 0.0 0.0 0.0 0.0 0.0 0.0 0.0 0.0 0.0 0.0 0.0 0.0 0.0 0.0 0.0 0.0 1.0 4.9 10.4 15.4 18.1 17.9 15.0 10.3 5.4 1.7 0.0 0.0 0.0 0.0 0.0 0.0 0.0 0.0 0.0 0.0 0.0 0.0 0.0 0.0 0.0 0.0 0.0 0.0 0.0 0.0 0.0 0.0 0.0 0.0 0.0 0.0 0.0 0.0	0.4000 0.4632 0.5365 0.6213 0.7195 0.8332 0.9649 1.117 1.294 1.499 1.736 2.010 2.328 2.696 3.122 3.615 4.187 4.849 5.615 6.503 7.531 8.721 10.10 11.70 13.54 15.69 18.17 21.04 24.36 28.21 32.67 37.84 43.82 50.75 58.77 68.06 78.82 91.28 105.7 122.4 141.8 164.2 190.1 220.2 255.0 295.3 342.0 396.1 458.7 531.2 615.1 712.4 825.0 955.4 1106 1281 1484 1718 1990 2305 2669 3091 3580 4145 4801 5560 6439 7456 8635 1.000e4

